777450.02688
769673.051657
768178.717665
767486.530928
767084.132718
766821.218572
766636.034919
766498.572397
766392.500251
766308.173036
766239.528432
766182.565293
766134.536507
766093.493517
766058.015869
766027.043697
766026.480565
766000.770538
765977.803851
765957.163718
765938.513703
765921.579246
765906.134068
765891.990003
765878.989301
765866.998721
765855.904948
765845.611005
765836.033409
765827.099904
765818.747635
765810.921668
765803.573779
765796.66146
765790.147099
765783.997292
765778.182271
765772.675425
765767.452888
765762.493197
765757.776998
765753.286789
765749.006707
765744.922341
765741.020566
765737.289406
765733.717911
765730.296046
765727.014602
765723.865108
765720.839764
765717.931371
765715.133275
765712.439319
765709.843796
765707.341408
765704.92723
765702.596679
765700.345484
765698.169659
765696.065483
765694.029472
765692.058369
765690.149117
765688.29885
765686.504877
765684.764666
765683.075838
765681.436149
765679.843486
765678.295853
765676.791368
765675.328252
765673.904821
765672.519482
765671.170727
765669.857124
765668.577318
765667.330021
765666.11401
765664.928122
765663.771251
765662.642346
765661.540404
765660.464471
765659.413637
765658.387034
765657.383833
765656.403243
765655.444508
765654.506905
765653.589744
765652.692363
765651.814129
765650.954436
765650.112703
765649.288372
765648.48091
765647.689804
