484.333333333
1737.0
1034.11111111
496.444444444
1187.22222222
1079.88888889
2934.0
1582.0
705.444444444
0.0
823.888888889
662.0
165.0
1046.22222222
0.0
1092.22222222
1607.0
1162.0
980.0
203.555555556
154.0
1449.66666667
945.444444444
88.0
1264.77777778
1990.22222222
594.0
3146.33333333
12.0
2787.22222222
394.666666667
892.777777778
486.222222222
722.0
1882.11111111
829.555555556
3552.22222222
2722.66666667
4102.22222222
1083.11111111
0.0
1878.33333333
3646.0
588.0
88.0
3050.33333333
0.0
2520.22222222
0.0
3180.0
195.0
2384.66666667
1449.77777778
2565.44444444
2007.88888889
2605.77777778
0.0
1198.22222222
2199.11111111
2980.11111111
1760.55555556
1731.33333333
2831.22222222
1827.44444444
2539.66666667
3271.11111111
4061.0
2549.88888889
2078.77777778
1695.44444444
1662.44444444
2183.88888889
761.444444444
3316.66666667
3894.11111111
803.0
