462.555555556
1714.55555556
1066.11111111
496.444444444
1111.0
1122.0
2803.55555556
1474.0
704.888888889
0.0
715.888888889
748.444444444
165.0
1100.0
0.0
1222.44444444
1704.55555556
1100.0
1077.55555556
196.0
154.0
1587.44444444
924.444444444
88.0
1265.0
1969.44444444
594.0
3210.11111111
0.0
2908.88888889
352.0
1001.44444444
482.888888889
616.666666667
1848.0
825.0
3418.44444444
2684.0
3968.44444444
1045.0
0.0
1815.66666667
3508.0
588.0
88.0
3070.55555556
0.0
2897.0
0.0
3170.22222222
0.0
2774.33333333
1377.11111111
2608.55555556
1859.44444444
2530.22222222
0.0
1198.55555556
2168.66666667
2871.0
1803.11111111
1650.0
2790.0
1824.11111111
2409.44444444
3190.0
3879.44444444
2470.11111111
2079.0
1700.0
1667.0
2078.55555556
804.111111111
3278.0
3760.55555556
803.0
