777450.02688
772187.238392
769431.894585
767909.639118
767105.745922
766566.889104
766205.759901
765947.954944
765756.886632
765608.376086
765478.960186
765375.737977
765298.673481
765219.016897
765153.985521
765099.0048
765054.621141
765008.756342
764969.931892
764938.64919
764905.478519
764876.927571
764854.100853
764828.852968
764806.85334
764787.136227
764770.295981
764752.222734
764736.289664
764722.801721
764708.144895
764695.128174
764684.286792
764672.094357
764661.200288
764652.102154
764641.845359
764632.633475
764624.981958
764616.230422
764608.335696
764601.892438
764594.297842
764587.420298
764581.063953
764575.540432
764569.287882
764563.60604
764558.775931
764553.257541
764548.229458
764544.034892
764539.10314
764534.598556
764530.386753
764526.654658
764522.458774
764518.615528
764515.275292
764511.489562
764508.015011
764505.055594
764501.606267
764498.43197
764495.43672
764492.743217
764489.735356
764486.966704
764484.515521
764481.759305
764479.218861
764477.015371
764474.467546
764472.115956
764470.079535
764467.727998
764465.55507
764463.68909
764461.511554
764459.498008
764457.800333
764455.768122
764453.886481
764452.105382
764450.512496
764448.691155
764447.001276
764445.525159
764443.822905
764442.242442
764440.888971
764439.286555
764437.797629
764436.381541
764435.097491
764433.645301
764432.296795
764431.096799
764429.729985
